ALL SYNC
2026-04-21 06:45:23.741351 Sync done -> model run start
2026-04-21 06:45:23.741344 Sync done -> model run start
2026-04-21 06:45:23.741344 Sync done -> model run start
2026-04-21 06:45:23.741867 Sync done -> model run start
1 0.034 [0.03348526987247169]
3 0.034 [0.03395740198902786]
0 0.034 [0.0336993308737874]
2 0.034 [0.033957297913730145]
2026-04-21 06:45:24.257728 Sync done -> model run start
2026-04-21 06:45:24.302169 Sync done -> model run start
2026-04-21 06:45:24.363506 Sync done -> model run start
2026-04-21 06:45:24.399031 Sync done -> model run start
0 0.022 [0.02151624485850334]
1 0.019 [0.018756004981696606]
2 0.015 [0.014932909049093723]
2026-04-21 06:45:25.743790 Sync done -> model run start
2026-04-21 06:45:25.815477 Sync done -> model run start
2026-04-21 06:45:25.868959 Sync done -> model run start
2026-04-21 06:45:25.887321 Sync done -> model run start
0 0.019 [0.01907569100148976]
1 0.018 [0.017671637935563922]
2 0.025 [0.024681428913027048]
3 0.013 [0.013113963883370161]
2026-04-21 06:45:27.321497 Sync done -> model run start
2026-04-21 06:45:27.364357 Sync done -> model run start
2026-04-21 06:45:27.425590 Sync done -> model run start
2026-04-21 06:45:27.461980 Sync done -> model run start
0 0.022 [0.021635670913383365]
1 0.021 [0.020336410962045193]
2 0.016 [0.015397123992443085]
3 0.011 [0.010712628019973636]
2026-04-21 06:45:30.149963 Sync done -> model run start
2026-04-21 06:45:30.202735 Sync done -> model run start
2026-04-21 06:45:30.255463 Sync done -> model run start
2026-04-21 06:45:30.293978 Sync done -> model run start
0 0.021 [0.020681408001109958]
1 0.021 [0.021154528949409723]
2 0.016 [0.015381447970867157]
3 0.011 [0.01087491912767291]
2026-04-21 06:45:30.734384 Sync done -> model run start
net_times: [[0.337, 0.138, 12845056, 4581], [0.089, 1.051, 12845056, 4581], [0.081, 1.123, 12845056, 24046], [0.086, 0.939, 12845056, 70663], [1.501, 0.336, 12845056, 227334]]
echo 'race4fun' | sudo -S sh -c 'journalctl --since "2026-04-21 06:45:22.905723" --until "2026-04-21 06:45:30.734384" -k -o short-iso '| grep -i -E 'throttle|throttled|thermal|cpufreq|under-voltage|voltage'
