ALL SYNC
2026-04-21 06:45:24.498331 Sync done -> model run start
2026-04-21 06:45:24.498331 Sync done -> model run start
2026-04-21 06:45:24.498331 Sync done -> model run start
2026-04-21 06:45:24.498331 Sync done -> model run start
0 0.479 [0.478369063930586]
2 0.48 [0.47976150596514344]
3 0.484 [0.4835359181743115]
1 0.53 [0.5300033870153129]
2026-04-21 06:45:25.622670 Sync done -> model run start
2026-04-21 06:45:25.635248 Sync done -> model run start
2026-04-21 06:45:25.645173 Sync done -> model run start
2026-04-21 06:45:25.657250 Sync done -> model run start
0 0.408 [0.4076617448590696]
1 0.413 [0.41323646204546094]
3 0.414 [0.41404140600934625]
2 0.462 [0.462240899913013]
2026-04-21 06:45:27.183806 Sync done -> model run start
2026-04-21 06:45:27.209777 Sync done -> model run start
2026-04-21 06:45:27.212767 Sync done -> model run start
2026-04-21 06:45:27.235591 Sync done -> model run start
0 0.419 [0.4187162830494344]
2 0.416 [0.4155076500028372]
1 0.433 [0.4327915390022099]
3 0.424 [0.42437308304943144]
2026-04-21 06:45:28.583392 Sync done -> model run start
2026-04-21 06:45:28.594683 Sync done -> model run start
2026-04-21 06:45:28.609143 Sync done -> model run start
2026-04-21 06:45:28.619396 Sync done -> model run start
0 0.406 [0.4059021680150181]
1 0.411 [0.41107490798458457]
2 0.406 [0.4060134699102491]
3 0.413 [0.4125383391510695]
2026-04-21 06:45:30.810057 Sync done -> model run start
2026-04-21 06:45:30.825396 Sync done -> model run start
2026-04-21 06:45:30.834950 Sync done -> model run start
2026-04-21 06:45:30.861974 Sync done -> model run start
0 0.416 [0.4162036890629679]
1 0.422 [0.422320278827101]
2 0.425 [0.4244456870947033]
3 0.423 [0.42321652499958873]
2026-04-21 06:45:32.699058 Sync done -> model run start
net_times: [[1.112, 0.372, 3211264, 161952], [0.022, 0.866, 3211264, 161952], [0.02, 0.696, 3211264, 370531], [0.023, 1.063, 3211264, 584019], [0.518, 1.326, 3211264, 739503]]
echo 'race4fun' | sudo -S sh -c 'journalctl --since "2026-04-21 06:45:22.911164" --until "2026-04-21 06:45:32.699058" -k -o short-iso '| grep -i -E 'throttle|throttled|thermal|cpufreq|under-voltage|voltage'
