ALL SYNC
2026-04-21 06:45:22.326363 Sync done -> model run start
2026-04-21 06:45:22.326359 Sync done -> model run start
2026-04-21 06:45:22.326355 Sync done -> model run start
2026-04-21 06:45:22.326360 Sync done -> model run start
0 0.131 [0.13038116600364447]
3 0.131 [0.130381427006796]
1 0.131 [0.130386478966102]
2026-04-21 06:45:23.363969 Sync done -> model run start
2026-04-21 06:45:23.374120 Sync done -> model run start
2026-04-21 06:45:23.374257 Sync done -> model run start
2026-04-21 06:45:23.398564 Sync done -> model run start
1 0.078 [0.07794651202857494]
2 0.089 [0.08842390100471675]
0 0.102 [0.10194498696364462]
3 0.12 [0.11946856905706227]
2026-04-21 06:45:24.270669 Sync done -> model run start
2026-04-21 06:45:24.279837 Sync done -> model run start
2026-04-21 06:45:24.297287 Sync done -> model run start
2026-04-21 06:45:24.305227 Sync done -> model run start
1 0.111 [0.11090451199561357]
2 0.1 [0.09929529996588826]
3 0.112 [0.11147925117984414]
0 0.078 [0.07784672104753554]
2026-04-21 06:45:25.758613 Sync done -> model run start
2026-04-21 06:45:25.765090 Sync done -> model run start
2026-04-21 06:45:25.775863 Sync done -> model run start
2026-04-21 06:45:25.783170 Sync done -> model run start
0 0.082 [0.08233958203345537]
1 0.087 [0.08657072484493256]
2 0.102 [0.10199581901542842]
3 0.113 [0.11243846896104515]
2026-04-21 06:45:27.338558 Sync done -> model run start
2026-04-21 06:45:27.342004 Sync done -> model run start
2026-04-21 06:45:27.355748 Sync done -> model run start
2026-04-21 06:45:27.362880 Sync done -> model run start
1 0.093 [0.09238759591244161]
2 0.108 [0.10772633599117398]
3 0.112 [0.11193003109656274]
0 0.091 [0.09040249302051961]
2026-04-21 06:45:30.083492 Sync done -> model run start
net_times: [[0.0, 0.499, 0, 13923], [0.0, 0.45, 0, 13923], [0.0, 0.999, 0, 71969], [0.0, 1.104, 0, 258269], [0.0, 2.338, 0, 984565]]
echo 'race4fun' | sudo -S sh -c 'journalctl --since "2026-04-21 06:45:21.908200" --until "2026-04-21 06:45:30.083492" -k -o short-iso '| grep -i -E 'throttle|throttled|thermal|cpufreq|under-voltage|voltage'
