ALL SYNC
2026-04-21 06:53:19.037314 Sync done -> model run start
2026-04-21 06:53:19.037319 Sync done -> model run start
2026-04-21 06:53:19.037313 Sync done -> model run start
2026-04-21 06:53:19.037467 Sync done -> model run start
2 0.13 [0.12996720103546977]
1 0.13 [0.12996720103546977]
3 0.131 [0.13031475199386477]
0 0.131 [0.13031209586188197]
2026-04-21 06:53:20.058739 Sync done -> model run start
2026-04-21 06:53:20.064112 Sync done -> model run start
2026-04-21 06:53:20.068834 Sync done -> model run start
2026-04-21 06:53:20.095577 Sync done -> model run start
1 0.08 [0.07971668289974332]
2 0.089 [0.08860005903989077]
0 0.107 [0.10690196580253541]
3 0.122 [0.1220559598878026]
2026-04-21 06:53:20.960622 Sync done -> model run start
2026-04-21 06:53:20.968817 Sync done -> model run start
2026-04-21 06:53:20.992131 Sync done -> model run start
2026-04-21 06:53:21.016006 Sync done -> model run start
1 0.085 [0.08507516700774431]
2 0.103 [0.10285780299454927]
3 0.122 [0.12176054390147328]
2026-04-21 06:53:22.388632 Sync done -> model run start
2026-04-21 06:53:22.395875 Sync done -> model run start
2026-04-21 06:53:22.403938 Sync done -> model run start
2026-04-21 06:53:22.413497 Sync done -> model run start
0 0.086 [0.08551933313719928]
1 0.09 [0.08962057810276747]
2 0.099 [0.0988371828570962]
3 0.115 [0.11445706197991967]
2026-04-21 06:53:23.971509 Sync done -> model run start
2026-04-21 06:53:23.977198 Sync done -> model run start
2026-04-21 06:53:23.978240 Sync done -> model run start
2026-04-21 06:53:23.996424 Sync done -> model run start
0 0.097 [0.09695978905074298]
1 0.097 [0.09671609196811914]
2 0.097 [0.09654119587503374]
3 0.115 [0.1144915921613574]
2026-04-21 06:53:26.515001 Sync done -> model run start
net_times: [[0.0, 0.504, 0, 13923], [0.0, 0.431, 0, 13923], [0.0, 0.955, 0, 71969], [0.0, 1.096, 0, 258269], [0.0, 2.15, 0, 984565]]
echo 'race4fun' | sudo -S sh -c 'journalctl --since "2026-04-21 06:53:18.602197" --until "2026-04-21 06:53:26.515001" -k -o short-iso '| grep -i -E 'throttle|throttled|thermal|cpufreq|under-voltage|voltage'
