ALL SYNC
2026-04-21 06:49:19.364820 Sync done -> model run start
2026-04-21 06:49:19.364820 Sync done -> model run start
2026-04-21 06:49:19.364820 Sync done -> model run start
2026-04-21 06:49:19.365189 Sync done -> model run start
2 0.129 [0.12886264198459685]
3 0.129 [0.12885524611920118]
0 0.129 [0.12881988077424467]
1 0.129 [0.12855055881664157]
2026-04-21 06:49:20.417541 Sync done -> model run start
2026-04-21 06:49:20.422517 Sync done -> model run start
2026-04-21 06:49:20.432979 Sync done -> model run start
2026-04-21 06:49:20.441193 Sync done -> model run start
1 0.087 [0.0872621068265289]
2 0.103 [0.10262209316715598]
3 0.111 [0.11090521002188325]
0 0.086 [0.08613023301586509]
2026-04-21 06:49:21.319990 Sync done -> model run start
2026-04-21 06:49:21.326495 Sync done -> model run start
2026-04-21 06:49:21.336819 Sync done -> model run start
2026-04-21 06:49:21.346038 Sync done -> model run start
0 0.082 [0.08227388304658234]
3 0.098 [0.09828558610752225]
2 0.156 [0.1560660540126264]
2026-04-21 06:49:22.784242 Sync done -> model run start
2026-04-21 06:49:22.791114 Sync done -> model run start
2026-04-21 06:49:22.800154 Sync done -> model run start
2026-04-21 06:49:22.808274 Sync done -> model run start
0 0.082 [0.08177086198702455]
1 0.088 [0.08795090881176293]
2 0.101 [0.10097136511467397]
3 0.113 [0.11262000002898276]
2026-04-21 06:49:24.353588 Sync done -> model run start
2026-04-21 06:49:24.359311 Sync done -> model run start
2026-04-21 06:49:24.371567 Sync done -> model run start
2026-04-21 06:49:24.378244 Sync done -> model run start
0 0.088 [0.08821814716793597]
1 0.094 [0.09348970511928201]
2 0.105 [0.10459943418391049]
3 0.111 [0.11046838690526783]
2026-04-21 06:49:27.104590 Sync done -> model run start
net_times: [[0.0, 0.528, 0, 13923], [0.0, 0.433, 0, 13923], [0.0, 0.985, 0, 71969], [0.0, 1.09, 0, 258269], [0.0, 2.354, 0, 984565]]
echo 'race4fun' | sudo -S sh -c 'journalctl --since "2026-04-21 06:49:18.963030" --until "2026-04-21 06:49:27.104590" -k -o short-iso '| grep -i -E 'throttle|throttled|thermal|cpufreq|under-voltage|voltage'
