ALL SYNC
2026-04-21 06:49:20.784050 Sync done -> model run start
2026-04-21 06:49:20.784050 Sync done -> model run start
2026-04-21 06:49:20.784050 Sync done -> model run start
2026-04-21 06:49:20.784050 Sync done -> model run start
1 0.033 [0.0330688189715147]
2 0.033 [0.03318433789536357]
0 0.033 [0.03316636988893151]
3 0.033 [0.033068557968363166]
2026-04-21 06:49:21.310527 Sync done -> model run start
2026-04-21 06:49:21.354541 Sync done -> model run start
2026-04-21 06:49:21.415810 Sync done -> model run start
2026-04-21 06:49:21.453538 Sync done -> model run start
0 0.022 [0.021523643052205443]
2 0.016 [0.015436136163771152]
1 0.02 [0.019426992163062096]
3 0.011 [0.01106502185575664]
2026-04-21 06:49:22.778410 Sync done -> model run start
2026-04-21 06:49:22.820701 Sync done -> model run start
2026-04-21 06:49:22.880142 Sync done -> model run start
2026-04-21 06:49:22.920466 Sync done -> model run start
0 0.021 [0.02078875293955207]
2 0.016 [0.015773582039400935]
1 0.02 [0.020074799191206694]
3 0.011 [0.010837679961696267]
2026-04-21 06:49:24.339776 Sync done -> model run start
2026-04-21 06:49:24.385577 Sync done -> model run start
2026-04-21 06:49:24.447302 Sync done -> model run start
2026-04-21 06:49:24.483055 Sync done -> model run start
0 0.023 [0.02275217603892088]
1 0.017 [0.016692741075530648]
2 0.015 [0.015083585865795612]
3 0.011 [0.010743879014626145]
2026-04-21 06:49:27.174878 Sync done -> model run start
2026-04-21 06:49:27.222736 Sync done -> model run start
2026-04-21 06:49:27.275436 Sync done -> model run start
2026-04-21 06:49:27.318941 Sync done -> model run start
0 0.022 [0.0213260930031538]
2 0.018 [0.017829973017796874]
1 0.023 [0.022501291939988732]
3 0.011 [0.010673410957679152]
2026-04-21 06:49:27.748716 Sync done -> model run start
net_times: [[0.32, 0.143, 12845056, 4581], [0.09, 1.02, 12845056, 4581], [0.081, 1.116, 12845056, 24046], [0.086, 0.942, 12845056, 70663], [1.502, 0.332, 12845056, 227334]]
echo 'race4fun' | sudo -S sh -c 'journalctl --since "2026-04-21 06:49:19.978128" --until "2026-04-21 06:49:27.748716" -k -o short-iso '| grep -i -E 'throttle|throttled|thermal|cpufreq|under-voltage|voltage'
