ALL SYNC
2026-04-21 14:28:32.501889 Sync done -> model run start
2026-04-21 14:28:32.502027 Sync done -> model run start
2026-04-21 14:28:32.502137 Sync done -> model run start
2026-04-21 14:28:32.501889 Sync done -> model run start
1 26.815 [6.9191212500445545, 6.346810439135879, 5.425860630115494, 3.8518581849057227, 4.271377834957093]
2 27.078 [6.985894791781902, 6.2964661300648, 5.743368365103379, 3.7013736970257014, 4.3509128000587225]
3 27.156 [6.938164278166369, 6.278861589031294, 5.622858912916854, 3.806912612868473, 4.5087256010156125]
0 27.155 [7.181524747051299, 6.651728932978585, 5.309236528119072, 3.654994640033692, 4.357727365801111]
2026-04-21 14:29:01.144534 Sync done -> model run start
2026-04-21 14:29:01.144534 Sync done -> model run start
2026-04-21 14:29:01.206562 Sync done -> model run start
2026-04-21 14:29:01.224445 Sync done -> model run start
0 26.988 [6.448751733172685, 5.390238696942106, 6.110389355104417, 4.665509002050385, 4.372729942202568]
1 27.407 [6.432980521116406, 5.385390063049272, 6.096104753902182, 4.936641105916351, 4.555739441886544]
3 27.522 [6.434823015006259, 5.4040514749940485, 6.08396535506472, 5.0215701691340655, 4.577294543851167]
2 27.861 [6.577456631930545, 5.951885777991265, 6.323308780090883, 4.403058903990313, 4.604951819172129]
2026-04-21 14:29:30.598732 Sync done -> model run start
2026-04-21 14:29:30.602993 Sync done -> model run start
2026-04-21 14:29:30.642720 Sync done -> model run start
2026-04-21 14:29:30.690055 Sync done -> model run start
0 27.467 [5.643416421953589, 5.226477136136964, 5.378361980896443, 6.7553310841321945, 4.462810612050816]
3 27.572 [5.61793565005064, 5.242487876908854, 5.3765153179410845, 6.697227112017572, 4.6372873140499]
1 27.338 [5.618182108039036, 5.2242349539883435, 5.375297352904454, 6.470923505956307, 4.649226767010987]
2026-04-21 14:30:00.257843 Sync done -> model run start
2026-04-21 14:30:00.286275 Sync done -> model run start
2026-04-21 14:30:00.365861 Sync done -> model run start
2026-04-21 14:30:00.466990 Sync done -> model run start
1 27.976 [5.925837286980823, 6.071978744817898, 6.135552386986092, 5.103104776004329, 4.739200972020626]
0 28.252 [5.910095035796985, 6.07316436804831, 6.1825419049710035, 5.2549811659846455, 4.831224749097601]
2 28.369 [5.901989482110366, 6.104548040078953, 6.171683911932632, 5.846168895019218, 4.344278265023604]
3 28.621 [6.3863185869995505, 6.2983823930844665, 6.444006033008918, 5.307070557028055, 4.184830904006958]
2026-04-21 14:30:30.590364 Sync done -> model run start
2026-04-21 14:30:30.590767 Sync done -> model run start
2026-04-21 14:30:30.651741 Sync done -> model run start
2026-04-21 14:30:30.684487 Sync done -> model run start
0 26.289 [6.2593658219557256, 4.361779656028375, 4.56604957790114, 6.24544192594476, 4.855695124017075]
1 26.42 [6.281190765788779, 4.468815321102738, 4.494095439091325, 6.244472031947225, 4.9306968071032315]
3 26.401 [6.252211307873949, 4.514700463972986, 4.43795490404591, 6.227396555012092, 4.96886728098616]
2 27.381 [6.455059701111168, 4.697003021137789, 4.88405100395903, 6.082868637051433, 5.261346630984917]
2026-04-21 14:30:58.148973 Sync done -> model run start
net_times: [[22.649, 0.0, 1210368, 0], [0.003, 0.0, 1210368, 0], [0.003, 0.0, 1210368, 0], [0.002, 0.0, 1210368, 0], [0.002, 0.0, 1210368, 0]]
echo 'race4fun' | sudo -S sh -c 'journalctl --since "2026-04-21 14:28:06.788079" --until "2026-04-21 14:30:58.148973" -k -o short-iso '| grep -i -E 'throttle|throttled|thermal|cpufreq|under-voltage|voltage'
